每幅图像的标定误差：
第1幅图像的平均误差：0.159609像素
第2幅图像的平均误差：0.2044像素
第3幅图像的平均误差：0.122481像素
第4幅图像的平均误差：0.119756像素
第5幅图像的平均误差：0.105289像素
第6幅图像的平均误差：0.103785像素
第7幅图像的平均误差：0.124564像素
第8幅图像的平均误差：0.138651像素
第9幅图像的平均误差：0.145366像素
第10幅图像的平均误差：0.18041像素
第11幅图像的平均误差：0.175521像素
第12幅图像的平均误差：0.143978像素
第13幅图像的平均误差：0.131958像素
第14幅图像的平均误差：0.144678像素
第15幅图像的平均误差：0.110154像素
第16幅图像的平均误差：0.0757691像素
第17幅图像的平均误差：0.109326像素
第18幅图像的平均误差：0.136991像素
第19幅图像的平均误差：0.0987224像素
总体平均误差：0.133232像素

相机内参数矩阵：
[4468.224251994659, 0, 816.8739828209018;
 0, 4366.165403114378, 195.449498218398;
 0, 0, 1]

畸变系数：
[0.2259980792141037, -9.304359492765375, -0.02618590905128646, -0.004308935234268992, 255.0768745889406]


第1幅图像的旋转向量：
[-32.39870679266566;
 32.18655394215114;
 1617.150217108325]
第1幅图像的旋转矩阵：
[-0.9913644494493181, -0.1256908924168947, -0.03739422323695135;
 0.124103405450726, -0.9913748788728516, 0.04212118582580157;
 -0.04236594296817987, 0.03711669574845787, 0.9984124787747459]
第1幅图像的平移向量：
[2.144342844986034;
 1.664378621113513;
 -0.03586762102025506]

第2幅图像的旋转向量：
[-53.0828170136115;
 29.955320875849;
 1271.068224988144]
第2幅图像的旋转矩阵：
[-0.9797104481801668, 0.180582552226561, -0.08693319019774859;
 -0.1844773125949103, -0.9820624032831745, 0.03900714287710871;
 -0.07832980827485989, 0.05425290673334283, 0.9954501811977372]
第2幅图像的平移向量：
[2.302268851434188;
 1.421148581253411;
 -0.10827760077368]

第3幅图像的旋转向量：
[-106.8957057468958;
 116.7004928478002;
 1369.459942579619]
第3幅图像的旋转矩阵：
[-0.8225823274360948, -0.5607421319515563, -0.09448055908090643;
 0.5366703050713558, -0.8204671408175119, 0.1970245022664815;
 -0.1879981336195524, 0.1113639631710381, 0.9758354212993109]
第3幅图像的平移向量：
[2.531712867466422;
 0.5283726659157293;
 -0.1635875796442023]

第4幅图像的旋转向量：
[-136.6837654464337;
 120.9525280598433;
 1328.57440203044]
第4幅图像的旋转矩阵：
[-0.898178476976044, -0.4102836671775824, -0.1579326943489184;
 0.375018780193033, -0.9025011316610086, 0.2117843758475314;
 -0.2294261057498116, 0.1309924417587273, 0.9644711723025025]
第4幅图像的平移向量：
[2.226677140911234;
 0.1912125924945948;
 -0.1402230755374498]

第5幅图像的旋转向量：
[-124.4981331038941;
 135.8229122072178;
 1323.124693284108]
第5幅图像的旋转矩阵：
[-0.7399729829049491, 0.6325787225194613, -0.2286572640140663;
 -0.6658411791705844, -0.7370734538306216, 0.1156643755826502;
 -0.09537037638322407, 0.2378379353127776, 0.966611404771678]
第5幅图像的平移向量：
[2.334864196297352;
 0.1052055537948701;
 -0.1228438734088536]

第6幅图像的旋转向量：
[-107.47751918138;
 145.3965199080756;
 1379.039218442768]
第6幅图像的旋转矩阵：
[-0.6244508033097298, -0.77980188856003, -0.04438703463899825;
 0.7533988495083408, -0.6163502738334417, 0.2291342695996166;
 -0.2060372971220051, 0.1096419378871606, 0.9723822693010227]
第6幅图像的平移向量：
[2.588492574623368;
 0.3502020808842422;
 -0.7796333783662908]

第7幅图像的旋转向量：
[-131.1944624052824;
 130.2175024870344;
 1292.943085867963]
第7幅图像的旋转矩阵：
[0.6906181373669346, 0.7157779799494005, -0.1034817460201639;
 -0.7220378872363192, 0.6905713471296739, -0.04210111541063792;
 0.04132647741023238, 0.1037935351698896, 0.9937399178466158]
第7幅图像的平移向量：
[2.645636043617265;
 0.2612642092414447;
 -0.1042871573465932]

第8幅图像的旋转向量：
[-120.6822908550264;
 105.3189755592387;
 1264.33012858014]
第8幅图像的旋转矩阵：
[0.5014976161965468, 0.8569405993628466, -0.1189661721365626;
 -0.8648132921092483, 0.5004222931564511, -0.04093285114920409;
 0.02445630267119466, 0.1234112542505102, 0.9920542079866255]
第8幅图像的平移向量：
[2.24678314237532;
 0.03084309400244318;
 0.1359674940603717]

第9幅图像的旋转向量：
[-140.6917285617494;
 145.4543011579685;
 1207.681442866877]
第9幅图像的旋转矩阵：
[0.766275825358115, 0.6341043444904716, -0.1036003849898684;
 -0.6405693566856764, 0.7664910904219953, -0.04650061912490443;
 0.04992252745042414, 0.1019955322649479, 0.9935314049646099]
第9幅图像的平移向量：
[2.448865945911447;
 -0.09351093582251344;
 0.758087940785376]

第10幅图像的旋转向量：
[-135.2812067328439;
 164.5936324737585;
 1181.018297523622]
第10幅图像的旋转矩阵：
[0.9999784325352495, 0.006504477925406642, -0.0009089726416573066;
 -0.0065051534046024, 0.999978565863835, -0.0007421536838712808;
 0.0009041258363599427, 0.0007480506839724227, 0.9999993114880861]
第10幅图像的平移向量：
[2.435635815580534;
 -0.1083434900583458;
 1.00704012978568]

第11幅图像的旋转向量：
[127.4584826433228;
 28.29323635303595;
 1417.594860732921]
第11幅图像的旋转矩阵：
[-0.8838930225897008, 0.4392438380173679, 0.1606174815548261;
 -0.4324851814408498, -0.8983664489444547, 0.07677428765547467;
 0.1780159893136507, -0.001604423479842659, 0.9840262869324061]
第11幅图像的平移向量：
[0.2378775735335103;
 2.622082998421566;
 -1.246536539874268]

第12幅图像的旋转向量：
[207.0505093129567;
 38.81553674633137;
 1363.942053963829]
第12幅图像的旋转矩阵：
[-0.5422889780002562, 0.8132713007156357, 0.2109797520420757;
 -0.7999565136133741, -0.5765529077203724, 0.1663018969426374;
 0.2568895495479983, -0.07859094115406617, 0.9632399614330504]
第12幅图像的平移向量：
[0.103802613526103;
 -2.424103991554709;
 0.7334559313083316]

第13幅图像的旋转向量：
[150.9930555142496;
 44.00076851578274;
 1398.092086209513]
第13幅图像的旋转矩阵：
[0.8677365860153449, 0.4970225078490406, -0.001357932945502507;
 -0.4961242821952749, 0.8663262858706002, 0.05778808723148988;
 0.02989839304473273, -0.04947113401875322, 0.9983279486182089]
第13幅图像的平移向量：
[0.1646081737926935;
 -2.293156208853716;
 0.8188430421249805]

第14幅图像的旋转向量：
[194.1131494967275;
 49.62119109910478;
 1479.494904917953]
第14幅图像的旋转矩阵：
[-0.7071311534330925, 0.6778391064840243, 0.2012453168779923;
 -0.6628317630690104, -0.7345666032022106, 0.1451411703369973;
 0.2462104500446952, -0.03075794500459143, 0.9687282194237369]
第14幅图像的平移向量：
[0.3345678919415515;
 -2.350770343822256;
 1.150779365634703]

第15幅图像的旋转向量：
[-102.3093478994833;
 132.8842489485712;
 1524.268854211358]
第15幅图像的旋转矩阵：
[0.9327146034615343, -0.3596155815872173, 0.02683471574807937;
 0.358834082910505, 0.9329212841895642, 0.02993289908898232;
 -0.03579901439103599, -0.01828964148860813, 0.9991916330628718]
第15幅图像的平移向量：
[3.1037658403484;
 0.3826271840517008;
 -0.3085938400815738]

第16幅图像的旋转向量：
[-13.04085223014359;
 149.4000483218202;
 1934.636409345931]
第16幅图像的旋转矩阵：
[0.4854182933820544, 0.8714136449338719, -0.07076255982592473;
 -0.8719461945848719, 0.4884455777453494, 0.03362664613029918;
 0.06386637768821916, 0.04537815558256732, 0.9969262303685815]
第16幅图像的平移向量：
[2.962665539623766;
 0.2941084860580403;
 -0.503278461595435]

第17幅图像的旋转向量：
[-6.729988661650676;
 90.74176968871133;
 1914.06299717392]
第17幅图像的旋转矩阵：
[0.9892193795530633, 0.1462750945529631, -0.006972505301130501;
 -0.1462786805331628, 0.9892434218140121, -4.379647404633693e-06;
 0.006896864369368453, 0.00102426130754813, 0.9999756917798774]
第17幅图像的平移向量：
[-2.865680655587586;
 -0.372419537105989;
 0.2938861498307205]

第18幅图像的旋转向量：
[-43.67548398641227;
 113.5423743470519;
 1857.60364359766]
第18幅图像的旋转矩阵：
[-0.1874240651357001, -0.9817548003478461, 0.03208943442894449;
 0.9783545889430217, -0.1836582975229535, 0.09535160221570009;
 -0.08771840230042749, 0.04926603033461278, 0.9949262988548093]
第18幅图像的平移向量：
[-2.753474215126796;
 -0.07244241645938579;
 0.01521581682942682]

第19幅图像的旋转向量：
[137.1740732998771;
 23.85295827235105;
 1801.158915021604]
第19幅图像的旋转矩阵：
[-0.9817207806285405, 0.1179615332514417, 0.1493632670875201;
 -0.1139647875316689, -0.9928655700168501, 0.03507117160827165;
 0.1524346944922659, 0.01740794497016481, 0.9881602235300531]
第19幅图像的平移向量：
[0.04296597944031713;
 3.048063114809514;
 0.8214532108960441]


