每幅图像的标定误差：
第1幅图像的平均误差：0.159609像素
第2幅图像的平均误差：0.2044像素
第3幅图像的平均误差：0.122481像素
第4幅图像的平均误差：0.119756像素
第5幅图像的平均误差：0.105289像素
第6幅图像的平均误差：0.103785像素
第7幅图像的平均误差：0.124564像素
第8幅图像的平均误差：0.138651像素
第9幅图像的平均误差：0.145366像素
第10幅图像的平均误差：0.18041像素
第11幅图像的平均误差：0.175521像素
第12幅图像的平均误差：0.143978像素
第13幅图像的平均误差：0.131958像素
第14幅图像的平均误差：0.144678像素
第15幅图像的平均误差：0.110154像素
第16幅图像的平均误差：0.0757691像素
第17幅图像的平均误差：0.109326像素
第18幅图像的平均误差：0.136991像素
第19幅图像的平均误差：0.0987224像素
总体平均误差：0.133232像素

相机内参数矩阵：
[4468.224251994973, 0, 816.8739828065487;
 0, 4366.165403115037, 195.4494982111329;
 0, 0, 1]

畸变系数：
[0.2259980792274441, -9.304359492722185, -0.02618590905220141, -0.004308935235832933, 255.076874569565]


第1幅图像的旋转向量：
[-233.9906601316218;
 232.458445157136;
 11679.41823466875]
第1幅图像的旋转矩阵：
[-0.8808693171730683, 0.4710147495328364, -0.04705689944707316;
 -0.4725141513759669, -0.8808791678972763, 0.02796905994223246;
 -0.0282776026654041, 0.04687213764190489, 0.9985005657987265]
第1幅图像的平移向量：
[2.144342844985057;
 1.66437862111403;
 -0.0358676210247468]

第2幅图像的旋转向量：
[-383.3759006242431;
 216.3439841185222;
 9179.937180468436]
第2幅图像的旋转矩阵：
[-0.2389913109992984, 0.9681549439754273, -0.07455975940662481;
 -0.9705924591480182, -0.2404632696578562, -0.0113001854168688;
 -0.02886921391100065, 0.06966649410864793, 0.9971525199721307]
第2幅图像的平移向量：
[2.302268851432996;
 1.42114858125391;
 -0.1082776007776165]

第3幅图像的旋转向量：
[-772.0245414733299;
 842.8368928060448;
 9890.544029742021]
第3幅图像的旋转矩阵：
[-0.778895693139521, 0.5977459447563463, -0.189792741526245;
 -0.6212407787167239, -0.7768312067720872, 0.1029231317268439;
 -0.0859150398250715, 0.1980733745670166, 0.9764146374463515]
第3幅图像的平移向量：
[2.531712867464933;
 0.5283726659165725;
 -0.163587579647483]

第4幅图像的旋转向量：
[-987.1605281931726;
 873.5460360037042;
 9595.259570221662]
第4幅图像的旋转矩阵：
[-0.9680051341593003, -0.1670297997422136, -0.1872621324222038;
 0.1304676537259239, -0.9724868026181932, 0.1929963990977444;
 -0.2143461023029982, 0.1623898541520357, 0.963164203911251]
第4幅图像的平移向量：
[2.22667714090956;
 0.191212592496122;
 -0.1402230755406207]

第5幅图像的旋转向量：
[-899.1531834971498;
 980.9432548458182;
 9555.90056260888]
第5幅图像的旋转矩阵：
[-0.9452199098752183, 0.250928566352524, -0.2087921851117784;
 -0.2881146569203681, -0.941978352826205, 0.1722403183766456;
 -0.1534577024562231, 0.2229610669939859, 0.9626728915689694]
第5幅图像的平移向量：
[2.334864196295695;
 0.1052055537962659;
 -0.1228438734120055]

第6幅图像的旋转向量：
[-776.2265273889121;
 1050.085977130662;
 9959.727688756066]
第6幅图像的旋转矩阵：
[-0.2634043162203142, 0.9441453090263245, -0.1980095998685289;
 -0.9646800727941125, -0.257104190734892, 0.05735671068412418;
 0.003243971401657983, 0.2061239203735036, 0.9785205189976361]
第6幅图像的平移向量：
[2.588492574621491;
 0.3502020808843564;
 -0.7796333783700972]

第7幅图像的旋转向量：
[-947.5155617856491;
 940.4597401996554;
 9337.922286825386]
第7幅图像的旋转矩阵：
[-0.2236756737215893, -0.9743157501777803, -0.02603866242152882;
 0.9495563922715377, -0.2238607397569542, 0.2196110814411033;
 -0.2197995697936072, 0.0243964782495022, 0.9752399504570997]
第7幅图像的平移向量：
[2.645636043615887;
 0.2612642092422548;
 -0.1042871573496413]

第8幅图像的旋转向量：
[-871.5943228122403;
 760.6370457207091;
 9131.273150857278]
第8幅图像的旋转矩阵：
[0.8230338997514605, 0.5643858001801098, -0.06390515170907812;
 -0.5671805706346372, 0.8226521649172501, -0.03936516037728027;
 0.03035457386408873, 0.06864462187250264, 0.9971792796350668]
第8幅图像的平移向量：
[2.246783142373884;
 0.03084309400423907;
 0.1359674940572163]

第9幅图像的旋转向量：
[-1016.106928472874;
 1050.503286155161;
 8722.143754037401]
第9幅图像的旋转矩阵：
[-0.9607599474223016, 0.1314516677149723, -0.2442555679693888;
 -0.1856879784910841, -0.9589540447316357, 0.214306123889941;
 -0.2060589674656042, 0.2512520629722044, 0.9457336320440439]
第9幅图像的平移向量：
[2.448865945910723;
 -0.09351093582076409;
 0.7580879407816932]

第10幅图像的旋转向量：
[-977.0309374869046;
 1188.731790102237;
 8529.576593224203]
第10幅图像的旋转矩阵：
[-0.8978737146681831, -0.4100533318581316, -0.1602468643687081;
 0.3506131414951759, -0.8861411897445665, 0.3030251092714401;
 -0.2662578027379516, 0.2158936239682159, 0.9394129686197811]
第10幅图像的平移向量：
[2.435635815580343;
 -0.10834349005656;
 1.00704012978175]

第11幅图像的旋转向量：
[920.533485790185;
 204.3400403447095;
 10238.18510528941]
第11幅图像的旋转矩阵：
[-0.5954955361558708, -0.7874325394746007, 0.1591699161117242;
 0.7931565409281032, -0.6077532848000559, -0.03922558345912004;
 0.1276235401538375, 0.102888000229976, 0.9864716374064072]
第11幅图像的平移向量：
[0.2378775735313882;
 2.622082998422749;
 -1.246536539877666]

第12幅图像的旋转向量：
[1495.364789514561;
 280.3344320736628;
 9850.692611958686]
第12幅图像的旋转矩阵：
[-0.6697004974982809, -0.6905849306986462, 0.2731184672307987;
 0.7049996784973211, -0.7067950377033337, -0.0584485072231675;
 0.2334024356540195, 0.1534054372240071, 0.9602031424968791]
第12幅图像的平移向量：
[0.1038026135264802;
 -2.424103991551474;
 0.7334559313092117]

第13幅图像的旋转向量：
[1090.505400969011;
 317.7833281866598;
 10097.33173373392]
第13幅图像的旋转矩阵：
[0.4529768211213039, -0.8872669336982189, 0.08700222923924755;
 0.8909818707145249, 0.4471440148663265, -0.07882598573609891;
 0.03103716457545036, 0.1132237534044101, 0.9930846268471452]
第13幅图像的平移向量：
[0.1646081737930629;
 -2.29315620885032;
 0.8188430421257373]

第14幅图像的旋转向量：
[1401.92830195546;
 358.3752690672494;
 10685.24097995994]
第14幅图像的旋转矩阵：
[0.6819642974936228, -0.7283872603092008, 0.06615660181180996;
 0.7311831034970613, 0.6768531187047192, -0.08509479925413238;
 0.01720366543604904, 0.1064042044232837, 0.9941741191444347]
第14幅图像的平移向量：
[0.3345678919426179;
 -2.350770343818736;
 1.150779365635255]

第15幅图像的旋转向量：
[-738.9008459050179;
 959.7195757579648;
 11008.60839152713]
第15幅图像的旋转矩阵：
[-0.5945720003533675, 0.784669834120604, -0.1754348534839603;
 -0.803190285396377, -0.5896739493800373, 0.08467584583241866;
 -0.03700678100944925, 0.1912534570764483, 0.9808428076484148]
第15幅图像的平移向量：
[3.10376584034883;
 0.382627184051383;
 -0.3085938400873007]

第16幅图像的旋转向量：
[-94.18393272808623;
 1079.000349014392;
 13972.37406749884]
第16幅图像的旋转矩阵：
[-0.9379313813688928, -0.3465502339207416, 0.01369887633786114;
 0.3445446346795243, -0.9265305303615504, 0.1510965619115715;
 -0.03967012171639914, 0.146438081377159, 0.9884240839667869]
第16幅图像的平移向量：
[2.962665539623105;
 0.2941084860578474;
 -0.5032784615995891]

第17幅图像的旋转向量：
[-48.60547362285478;
 655.3572255525147;
 13823.7883129203]
第17幅图像的旋转矩阵：
[-0.7751085153386177, 0.6307933532164777, -0.03614602312116549;
 -0.6313838112531159, -0.7711497800921735, 0.08174655681606487;
 0.02369118690681348, 0.08618446612762871, 0.9959974726178987]
第17幅图像的平移向量：
[-2.865680655587417;
 -0.3724195371051524;
 0.2938861498371349]

第18幅图像的旋转向量：
[-315.4340509696975;
 820.028259195502;
 13416.02631487217]
第18幅图像的旋转矩阵：
[0.3142627796151197, 0.94644964893669, -0.07397274752363268;
 -0.9484132705152555, 0.3164375098496571, 0.01948257351340564;
 0.04184702688526175, 0.06403408770150897, 0.9970699383459015]
第18幅图像的平移向量：
[-2.753474215128456;
 -0.07244241645851794;
 0.01521581683521141]

第19幅图像的旋转向量：
[990.7016405409062;
 172.2713653221251;
 13008.36994181843]
第19幅图像的旋转矩阵：
[-0.9782089429344292, 0.1448578257686597, 0.1487396190551909;
 -0.1408681627424078, -0.9893339824719565, 0.03707333073459747;
 0.1525235217554499, 0.01531278680563871, 0.9881812049778925]
第19幅图像的平移向量：
[0.04296597944180436;
 3.048063114813842;
 0.8214532108943178]


