每幅图像的标定误差：
第1幅图像的平均误差：0.335934像素
第2幅图像的平均误差：0.303635像素
第3幅图像的平均误差：0.261919像素
第4幅图像的平均误差：0.314251像素
第5幅图像的平均误差：0.23173像素
第6幅图像的平均误差：0.275291像素
第7幅图像的平均误差：0.245114像素
第8幅图像的平均误差：0.277319像素
第9幅图像的平均误差：0.234044像素
第10幅图像的平均误差：0.308393像素
第11幅图像的平均误差：0.289745像素
总体平均误差：0.279761像素

相机内参数矩阵：
[3388.713568986959, 0, 955.1523756198615;
 0, 2101.214012417201, 548.0824883022939;
 0, 0, 1]

畸变系数：
[9.462079300473144, -282.5906775892563, 0.3801198697333214, -0.1614753305992928, 2880.855470776986]


第1幅图像的旋转向量：
[-1635.397848914433;
 -1355.508944309097;
 11305.706359646]
第1幅图像的旋转矩阵：
[0.5543052813846393, 0.8315674636277163, 0.03523078859268958;
 -0.8163269595425525, 0.5514276703655432, -0.1718657018699241;
 -0.1623451574673778, 0.06650622370122006, 0.9844902092229743]
第1幅图像的平移向量：
[2.24439971967607;
 2.25511355910468;
 -0.5728966780047537]

第2幅图像的旋转向量：
[-1570.761462734111;
 -1516.422936712008;
 11358.8802330416]
第2幅图像的旋转矩阵：
[0.8610297357894185, 0.5062493389791262, 0.04836735334501947;
 -0.5012080759742389, 0.8608522150076248, -0.08788588336398366;
 -0.08612931361972977, 0.05143025082248713, 0.994955612394709]
第2幅图像的平移向量：
[2.1407220665406;
 2.370233448285188;
 -0.5772234419887613]

第3幅图像的旋转向量：
[-1492.143986307881;
 -1671.325258431335;
 11400.69446063603]
第3幅图像的旋转矩阵：
[0.4151282727284431, -0.8860310711092428, -0.2064399627264725;
 0.9080028448531, 0.4176252790689906, 0.03346580375883701;
 0.05656280509466101, -0.20134067475688, 0.9778867939430758]
第3幅图像的平移向量：
[2.028956444986241;
 2.479690789152642;
 -0.5771013215895333]

第4幅图像的旋转向量：
[-1398.924524668467;
 -1819.010085754624;
 11424.57576177456]
第4幅图像的旋转矩阵：
[-0.8052671390616588, 0.5787292874975529, -0.1289078994477291;
 -0.5100780666486366, -0.7870322196818262, -0.3469879696858186;
 -0.3022667707033642, -0.2136649175116782, 0.9289682999722259]
第4幅图像的平移向量：
[1.919973023052333;
 2.591314368314661;
 -0.5704038957650456]

第5幅图像的旋转向量：
[-1290.063415492404;
 -1958.766210642792;
 11427.36103570594]
第5幅图像的旋转矩阵：
[-0.6469662074341428, 0.7604907805846948, -0.05557426638259427;
 -0.6985694743071746, -0.6203481396802509, -0.3566074524760378;
 -0.3056720726603585, -0.1918904850192777, 0.9325999280262615]
第5幅图像的平移向量：
[1.798187800607334;
 2.695466159378872;
 -0.5552856359758762]

第6幅图像的旋转向量：
[-1174.394895666023;
 -2089.614769622548;
 11467.69684728447]
第6幅图像的旋转矩阵：
[-0.840988912033599, 0.5332831855584432, -0.09136024210334889;
 -0.4667829169948737, -0.8005136286905834, -0.3758878006565147;
 -0.2735897626708652, -0.2734720722144657, 0.9221505665998514]
第6幅图像的平移向量：
[1.668733599985646;
 2.788916791534892;
 -0.5408793839469282]

第7幅图像的旋转向量：
[-1036.812447058957;
 -2204.138541440934;
 11436.51218099328]
第7幅图像的旋转矩阵：
[0.999689719277353, -0.02445378273725135, -0.004741063278071238;
 0.02446423709985774, 0.9996983728038936, 0.002159749145014585;
 0.004686819208088963, -0.002275065512629289, 0.9999864288092234]
第7幅图像的平移向量：
[1.539562201962268;
 2.895330961010632;
 -0.5331108304252312]

第8幅图像的旋转向量：
[-897.6236994971445;
 -2307.589056710365;
 11448.28381415876]
第8幅图像的旋转矩阵：
[0.4367805257793982, -0.872257112084677, -0.2199779596177119;
 0.8893645014062767, 0.4554428730570192, -0.04003214982901795;
 0.1351057213379119, -0.1781553249253783, 0.974683089143592]
第8幅图像的平移向量：
[1.407308001388646;
 2.971449869357644;
 -0.5405461935829196]

第9幅图像的旋转向量：
[-738.6828117931602;
 -2390.608085660214;
 11358.72530519674]
第9幅图像的旋转矩阵：
[0.6440069267630624, -0.7436250423841584, -0.1796576595092853;
 0.7529566271852242, 0.6576651865294614, -0.02308289420805162;
 0.135319606336432, -0.1204088815923786, 0.9834583394199399]
第9幅图像的平移向量：
[1.268415001765294;
 3.053877748017994;
 -0.5349575064643219]

第10幅图像的旋转向量：
[-589.4246309145366;
 -2464.500463456527;
 11343.48894068366]
第10幅图像的旋转矩阵：
[0.6862798123377206, 0.7139678494869691, 0.1388161700835153;
 -0.7072038168524984, 0.6996118254209518, -0.1020100738183309;
 -0.1699493471801542, -0.0281638710073065, 0.9850502605262959]
第10幅图像的平移向量：
[1.129348053508766;
 3.119206279152762;
 -0.5225784204502718]

第11幅图像的旋转向量：
[-414.4327034675048;
 -2517.245826357239;
 11251.12944501963]
第11幅图像的旋转矩阵：
[0.6940897542885984, -0.7000375349768002, -0.1678894356866987;
 0.7048392770311844, 0.7082772651658272, -0.03930533301440957;
 0.1464274787932585, -0.09105363953638319, 0.9850219429948899]
第11幅图像的平移向量：
[0.977044487286403;
 3.19305773893824;
 -0.5228426621775959]


