每幅图像的标定误差：
第1幅图像的平均误差：0.194101像素
第2幅图像的平均误差：0.291061像素
第3幅图像的平均误差：0.474像素
第4幅图像的平均误差：0.14025像素
第5幅图像的平均误差：0.141894像素
第6幅图像的平均误差：0.21048像素
第7幅图像的平均误差：0.19351像素
第8幅图像的平均误差：0.265343像素
第9幅图像的平均误差：0.085348像素
第10幅图像的平均误差：0.21211像素
总体平均误差：0.22081像素

相机内参数矩阵：
[2228.603145222143, 0, 887.6393616231801;
 0, 2227.866417602037, 481.2701477267057;
 0, 0, 1]

畸变系数：
[0.265902785145087, -9.349493851523201, -0.007005920612312271, -0.009140975503677254, 76.79043372421278]


第1幅图像的旋转向量：
[-1212.844289504745;
 43.02951760725649;
 5242.695887525367]
第1幅图像的旋转矩阵：
[-0.875714108739122, -0.2153193789392608, -0.4321601147820751;
 0.2081969261609913, -0.9759656739019831, 0.06438201070301276;
 -0.4356361322162797, -0.03359417238538779, 0.8994957431190995]
第1幅图像的平移向量：
[2.559347008886991;
 0.656014797703267;
 -0.31911591518538]

第2幅图像的旋转向量：
[-1005.327747843259;
 124.8797741322107;
 4956.378793778337]
第2幅图像的旋转矩阵：
[0.6466956117375923, -0.7609399304198863, -0.05249007574694387;
 0.7573310357492715, 0.6323932970711423, 0.1628754742446677;
 -0.09074407997371953, -0.1450832178856965, 0.9852493957560464]
第2幅图像的平移向量：
[-2.540704971846739;
 0.008882114726764548;
 0.1161232975323515]

第3幅图像的旋转向量：
[6.952465550677918;
 -947.3041146860758;
 5687.906876130908]
第3幅图像的旋转矩阵：
[-0.1360413717312736, 0.9770165621990746, 0.1641078376134882;
 -0.9774666166663645, -0.105382069554088, -0.1829033425591448;
 -0.1614055714040998, -0.1852923544164706, 0.9693373947777509]
第3幅图像的平移向量：
[0.6900435266033953;
 2.537248908316485;
 -0.7357487855672138]

第4幅图像的旋转向量：
[408.108590263881;
 -419.6085062123809;
 4661.019007729925]
第4幅图像的旋转矩阵：
[-0.5710390833367651, 0.7938659202932655, 0.2090245581237616;
 -0.8184339143673546, -0.5703562789935132, -0.06971113846440621;
 0.0638771720979949, -0.2108805719112136, 0.9754225193602839]
第4幅图像的平移向量：
[0.1083416024610587;
 3.095513494404284;
 -0.4933365307485448]

第5幅图像的旋转向量：
[-1036.870113515193;
 391.996415087463;
 4662.093383146904]
第5幅图像的旋转矩阵：
[-0.3555431757936991, 0.8567806808009248, -0.3735182929293214;
 -0.9071224330074781, -0.4126066497261348, -0.08297375570846569;
 -0.2252064423615012, 0.3093260700427275, 0.9239044543191666]
第5幅图像的平移向量：
[2.806350213565429;
 0.5989343772951979;
 -0.1617954806790147]

第6幅图像的旋转向量：
[850.1539172748405;
 -377.3159648915467;
 4470.117386009795]
第6幅图像的旋转矩阵：
[-0.3807080671277634, 0.8617510139400658, 0.3353305199308744;
 -0.9057673059838, -0.4205283086741214, 0.05235961243679989;
 0.1861369255002656, -0.2837976948055623, 0.9406444138931336]
第6幅图像的平移向量：
[0.4280446613906649;
 2.991749076986713;
 -0.7941036052554213]

第7幅图像的旋转向量：
[312.1721036043281;
 -214.5837639413061;
 4368.421031760883]
第7幅图像的旋转矩阵：
[0.6627167737728277, 0.7464005954197732, 0.06076700516845425;
 -0.7487628138313263, 0.6618104019082875, 0.03689499355448714;
 -0.0126777909562198, -0.06995100487483354, 0.9974698644738454]
第7幅图像的平移向量：
[0.308535868796934;
 2.937463579514308;
 -0.6612420945086187]

第8幅图像的旋转向量：
[-726.9323006633206;
 -52.26014226907061;
 3856.443791780338]
第8幅图像的旋转矩阵：
[-0.5978050245327864, 0.7469354286547195, -0.2910611929882529;
 -0.7387740303301048, -0.6542736926840987, -0.1616751903395413;
 -0.311194609132562, 0.1183782094893477, 0.9429445979297657]
第8幅图像的平移向量：
[2.543906036313588;
 0.7885158127717604;
 -0.354280502204068]

第9幅图像的旋转向量：
[192.4462969768715;
 -407.6931156133548;
 4679.620076985816]
第9幅图像的旋转矩阵：
[0.1083510791521409, -0.9928630027025085, -0.04983072858312493;
 0.98652194430972, 0.1135711657789822, -0.117796620065997;
 0.1226152398437339, -0.03639571634356883, 0.991786698231985]
第9幅图像的平移向量：
[0.1335321827780198;
 3.067910262804561;
 0.06643185559568884]

第10幅图像的旋转向量：
[280.8241723221157;
 -306.1464207609968;
 5482.252222086658]
第10幅图像的旋转矩阵：
[0.9833197934016454, -0.1816477133666685, -0.009289355909111476;
 0.181552581756549, 0.9833280167708079, -0.01023090861660178;
 0.01099290507905383, 0.008373748399033333, 0.9999045136290128]
第10幅图像的平移向量：
[1.764852702685377;
 1.987118634772459;
 -0.8764857185048649]


