每幅图像的标定误差：
第1幅图像的平均误差：0.322625像素
第2幅图像的平均误差：0.215296像素
第3幅图像的平均误差：0.225035像素
第4幅图像的平均误差：0.211068像素
第5幅图像的平均误差：0.183051像素
第6幅图像的平均误差：0.14091像素
第7幅图像的平均误差：0.0948355像素
第8幅图像的平均误差：0.274388像素
第9幅图像的平均误差：0.204919像素
第10幅图像的平均误差：0.334485像素
第11幅图像的平均误差：0.233537像素
总体平均误差：0.221832像素

相机内参数矩阵：
[2326.261827301794, 0, 1000.065147032213;
 0, 2324.2611857949, 379.3135674493979;
 0, 0, 1]

畸变系数：
[0.2987079867488375, -7.685803891918368, -0.01066983524899317, 0.005022097233759367, 48.41056447914646]


第1幅图像的旋转向量：
[-84.56578058350269;
 -689.9909228752;
 8179.328613474338]
第1幅图像的旋转矩阵：
[-0.9860608659345723, -0.1628177504291494, -0.03426877321341854;
 0.1662576492629519, -0.9722382161515712, -0.1646549273965647;
 -0.006508666062933205, -0.1680572259666389, 0.9857557537577352]
第1幅图像的平移向量：
[1.288302878742944;
 1.992012014466866;
 -1.09282744065533]

第2幅图像的旋转向量：
[46.82430244199205;
 -678.6222823137529;
 8166.045210639033]
第2幅图像的旋转矩阵：
[0.4936035705531751, -0.8669342680169697, -0.06914108818233351;
 0.8664549679037475, 0.4970602712536471, -0.04676403892058755;
 0.07490863589781969, -0.03682474275716432, 0.9965102280402327]
第2幅图像的平移向量：
[1.194002130170718;
 2.072069403277494;
 -1.138831314810867]

第3幅图像的旋转向量：
[83.44252743400413;
 -206.5725095501219;
 6219.249237204791]
第3幅图像的旋转矩阵：
[-0.9668877916363583, -0.2545709674600618, 0.01793379243256151;
 0.252819852061638, -0.965073909230957, -0.0686620136990596;
 0.03478679042535431, -0.06185444404508479, 0.9974787751946281]
第3幅图像的平移向量：
[0.6914182487366356;
 2.435590066198122;
 -0.9273656835374862]

第4幅图像的旋转向量：
[-647.1016318849908;
 -191.8040177677808;
 5851.336381901868]
第4幅图像的旋转矩阵：
[-0.9148676615185294, -0.3367133186864147, -0.2228032830251798;
 0.3505815931127885, -0.9362064977165093, -0.02469696750386009;
 -0.2002740833910286, -0.1007051868205827, 0.9745505409517325]
第4幅图像的平移向量：
[1.823826537335086;
 1.887565308219184;
 -1.02519583124624]

第5幅图像的旋转向量：
[-693.8292136770564;
 -317.0014886648155;
 5538.976835179579]
第5幅图像的旋转矩阵：
[0.7167065218021043, 0.6973608717884209, 0.004424489216128688;
 -0.6933123060341725, 0.7132007907870933, -0.1032602456042148;
 -0.07516520410341362, 0.07093973864597033, 0.9946445322691587]
第5幅图像的平移向量：
[1.874249414525482;
 2.105048515575557;
 -0.7327108159612186]

第6幅图像的旋转向量：
[-793.6658156855364;
 -460.7402146469473;
 5338.666746489144]
第6幅图像的旋转矩阵：
[0.6577169142810478, -0.7444149127839179, -0.115129919193617;
 0.7531329940963851, 0.6527385983978838, 0.08199399590811844;
 0.01411218877535628, -0.1406369787306242, 0.9899606488853436]
第6幅图像的平移向量：
[1.906040666147577;
 2.237075791767493;
 -0.5841546233346223]

第7幅图像的旋转向量：
[-42.99779825371151;
 -193.5412024881315;
 4891.605781822342]
第7幅图像的旋转矩阵：
[0.5229076675027279, -0.8515469586606821, -0.03788599296044841;
 0.8518782955905553, 0.5236165670283973, -0.01136046808570236;
 0.02951170561975361, -0.02633377924146877, 0.9992174894897881]
第7幅图像的平移向量：
[0.1276739476119522;
 3.022722706434703;
 0.04855898967026163]

第8幅图像的旋转向量：
[-152.586969536829;
 -25.38941830333842;
 5518.709491385061]
第8幅图像的旋转矩阵：
[-0.4537162953847531, 0.8904147916518985, -0.03609739754942927;
 -0.8900449672234281, -0.4547968246630886, -0.031301830563383;
 -0.04428859472349929, 0.01792615641675345, 0.998857934489955]
第8幅图像的平移向量：
[1.78599445061057;
 1.954711640740366;
 -0.8964209701117609]

第9幅图像的旋转向量：
[5.269058650491562;
 -56.55673323475369;
 5730.04922233566]
第9幅图像的旋转矩阵：
[0.9978391840788275, -0.06570041680607105, -0.0006464892947955403;
 0.06570037758620526, 0.9978393927399093, -8.174031550539838e-05;
 0.0006504628581301985, 3.908909895674653e-05, 0.9999997876850337]
第9幅图像的平移向量：
[1.747065405970589;
 1.927494023858977;
 -0.8618382031997943]

第10幅图像的旋转向量：
[529.9535653824836;
 465.9868034582143;
 6147.589417122342]
第10幅图像的旋转矩阵：
[0.5623855318224633, 0.8264994302085619, -0.02492399369458881;
 -0.8208130585482248, 0.5616520632452778, 0.1039850122326814;
 0.09994216584341963, -0.03802172691034975, 0.994266519485234]
第10幅图像的平移向量：
[0.4089907111181776;
 2.458119849170745;
 -1.364449676063217]

第11幅图像的旋转向量：
[647.2174735839178;
 575.9566784463976;
 6140.124384008614]
第11幅图像的旋转矩阵：
[0.8505577368371413, 0.5248150804069397, -0.03347637501190778;
 -0.5218856406398059, 0.8502152424300909, 0.06906098488670104;
 0.06470637063272625, -0.04126951558958857, 0.9970506068813865]
第11幅图像的平移向量：
[0.0619427069314501;
 2.737707107336843;
 -1.480090180875147]


