每幅图像的标定误差：
第1幅图像的平均误差：0.322381像素
第2幅图像的平均误差：0.271655像素
第3幅图像的平均误差：0.315728像素
第4幅图像的平均误差：0.281088像素
第5幅图像的平均误差：0.150415像素
第6幅图像的平均误差：0.21797像素
第7幅图像的平均误差：0.279308像素
第8幅图像的平均误差：0.250408像素
第9幅图像的平均误差：0.214349像素
第10幅图像的平均误差：0.240941像素
第11幅图像的平均误差：0.207612像素
总体平均误差：0.250168像素

相机内参数矩阵：
[2227.623449314048, 0, 922.9122581784857;
 0, 2272.139558831027, 570.0511682010896;
 0, 0, 1]

畸变系数：
[-0.7099773309700286, 28.65984590585894, -0.007643378589131256, -0.007992019487859749, -329.2357894155024]


第1幅图像的旋转向量：
[-82.62460636346368;
 -1149.063032354125;
 5653.987753654323]
第1幅图像的旋转矩阵：
[-0.5851114717653452, -0.7898748490994338, -0.1836907411078152;
 0.7989166795264222, -0.5225640411405801, -0.2977565483432769;
 0.1392002326976061, -0.3209743691745073, 0.9368024068873647]
第1幅图像的平移向量：
[0.7055411817274991;
 2.536067050564479;
 -0.7211499397461076]

第2幅图像的旋转向量：
[-287.3219242234102;
 -996.9977468898805;
 5865.797032703644]
第2幅图像的旋转矩阵：
[0.9226705913440394, -0.3794937577819713, -0.06828958685889919;
 0.3807452120699098, 0.924661517701583, 0.005844755567573702;
 0.06092670477450816, -0.03139371730655267, 0.9976484206167001]
第2幅图像的平移向量：
[1.091798153931522;
 2.189212109692733;
 -1.000278664856417]

第3幅图像的旋转向量：
[58.35253955625114;
 -563.0573217500767;
 5163.472133818863]
第3幅图像的旋转矩阵：
[-0.2128304394385946, 0.9697596265940972, 0.1194548897134477;
 -0.9727137253538704, -0.1987311182706037, -0.119724480116268;
 -0.09236456331607938, -0.141676424499606, 0.9855945303137784]
第3幅图像的平移向量：
[0.5224872335200417;
 2.521170551125663;
 -1.400384680725666]

第4幅图像的旋转向量：
[71.49930943797374;
 -466.2853472731141;
 5559.427443959758]
第4幅图像的旋转矩阵：
[0.9980241389216875, 0.06260970285380268, 0.005276669231895264;
 -0.06261393572900029, 0.9980376168159518, 0.0006406815588951091;
 -0.005226201502900475, -0.0009698086892883741, 0.9999858730446932]
第4幅图像的平移向量：
[0.5745755781425879;
 2.460595028393774;
 -1.416333004592289]

第5幅图像的旋转向量：
[-842.7560411572301;
 -657.9471874212201;
 5133.636840480111]
第5幅图像的旋转矩阵：
[-0.8407919072749128, 0.4852518775664268, -0.2399991332885849;
 -0.4090437045455108, -0.8598507372462955, -0.3055158873588853;
 -0.3546155896639337, -0.15870515106719, 0.9214447669784889]
第5幅图像的平移向量：
[1.957013560952592;
 2.064512924487461;
 -0.4896051025484074]

第6幅图像的旋转向量：
[-762.5148787925859;
 -697.8557943514475;
 6038.488852003456]
第6幅图像的旋转矩阵：
[0.977772212049944, -0.2079451596246648, -0.02683862760336193;
 0.2085853685015851, 0.9777154091721967, 0.02376389518370138;
 0.02129895279156263, -0.02883382138941477, 0.9993572761300465]
第6幅图像的平移向量：
[1.893994939036426;
 1.451537503072445;
 -0.7016013165993413]

第7幅图像的旋转向量：
[-127.9669565306563;
 -708.3380553356566;
 6916.36187107449]
第7幅图像的旋转矩阵：
[-0.1966525478362649, 0.977369198118038, 0.07795656482688855;
 -0.9728812320774108, -0.1846367772659963, -0.1393246882371025;
 -0.1217780099239781, -0.1032410337556254, 0.987173442333223]
第7幅图像的平移向量：
[1.249256225005624;
 2.139023072011531;
 -1.07352262115214]

第8幅图像的旋转向量：
[745.4401383036493;
 -729.5547148606097;
 6891.608422970356]
第8幅图像的旋转矩阵：
[-0.4360848045927215, -0.8978840558824197, 0.06028486871067953;
 0.8653603791752362, -0.4367854338975941, -0.2457028670744033;
 0.2469442393679579, -0.05497914993000962, 0.9674687776439891]
第8幅图像的平移向量：
[0.2891210155156345;
 2.740027678736845;
 -1.355665733738879]

第9幅图像的旋转向量：
[-847.729979442714;
 -353.1634190427428;
 6460.933920804763]
第9幅图像的旋转矩阵：
[-0.6775109054787564, 0.7128590347040228, -0.1811379849678264;
 -0.6888683675324528, -0.7013071422507583, -0.183381199803164;
 -0.2577583076653962, 0.0005374652764821852, 0.9662092764823507]
第9幅图像的平移向量：
[2.114906882449821;
 0.7292633708654039;
 -0.3877055201353302]

第10幅图像的旋转向量：
[-783.1212239436961;
 -484.7085947054746;
 5998.720003439784]
第10幅图像的旋转矩阵：
[0.8556950661153933, 0.5169719546740602, 0.0229336413649065;
 -0.5139472886249933, 0.8541877099484079, -0.07887674364546506;
 -0.0603666989389884, 0.05570775757088146, 0.9966205433391555]
第10幅图像的平移向量：
[2.115655086778935;
 0.8167593772703985;
 -0.5591978264714206]

第11幅图像的旋转向量：
[-489.942107955338;
 -246.4881009237741;
 6307.068011086209]
第11幅图像的旋转矩阵：
[-0.8361182732910296, 0.5348722510398509, -0.1217288303418283;
 -0.5237407550481457, -0.8443811511993611, -0.1127656552361573;
 -0.1631007497543319, -0.03053107542823059, 0.9861369067542143]
第11幅图像的平移向量：
[2.202122901501227;
 0.254780004833188;
 -0.1522807777238413]


