每幅图像的标定误差：
第1幅图像的平均误差：0.224006像素
第2幅图像的平均误差：0.199787像素
第3幅图像的平均误差：0.21622像素
第4幅图像的平均误差：0.219848像素
第5幅图像的平均误差：0.241435像素
第6幅图像的平均误差：0.197941像素
第7幅图像的平均误差：0.171896像素
第8幅图像的平均误差：0.183755像素
第9幅图像的平均误差：0.206362像素
第10幅图像的平均误差：0.202246像素
第11幅图像的平均误差：0.219782像素
总体平均误差：0.207571像素

相机内参数矩阵：
[1541.327294049328, 0, 905.33453425149;
 0, 1084.021466883096, 509.3286725151974;
 0, 0, 1]

畸变系数：
[-1.308182482640895, 44.30825976182548, -0.005992020651885703, -0.01264661525719834, -431.8571325379303]


第1幅图像的旋转向量：
[-137.4831235437833;
 -894.0380004244278;
 4864.250712034965]
第1幅图像的旋转矩阵：
[-0.931364391844446, -0.3444702443941497, -0.1179008919867022;
 0.3638808412557599, -0.8697443361759405, -0.3333699492408893;
 0.01229239485314888, -0.3533907757948803, 0.9353950270403767]
第1幅图像的平移向量：
[1.615590864764847;
 2.212956296116917;
 -0.7188406150512928]

第2幅图像的旋转向量：
[-61.48805014296881;
 -929.8605709119809;
 4888.674119032669]
第2幅图像的旋转矩阵：
[0.9136866088177915, -0.3990605899829996, -0.07698978107167426;
 0.3994591556401246, 0.9166871100103559, -0.01082244501674792;
 0.07489435120436508, -0.02086594985333964, 0.9969731432162028]
第2幅图像的平移向量：
[1.446710482472872;
 2.363538271024185;
 -0.7564229487674269]

第3幅图像的旋转向量：
[11.70884878282082;
 -951.857719362749;
 4895.770532051234]
第3幅图像的旋转矩阵：
[0.1789007981448301, 0.9654129628756228, 0.1896636906074919;
 -0.9661487559820506, 0.2088040099842607, -0.1515172159486471;
 -0.1858792235229074, -0.1561367878694974, 0.9700877371332539]
第3幅图像的平移向量：
[1.284777849876696;
 2.489924076236512;
 -0.7923129332652937]

第4幅图像的旋转向量：
[90.25390236639963;
 -965.915331886582;
 4900.295094161037]
第4幅图像的旋转矩阵：
[0.9641587580254809, -0.2604415192984411, -0.05067646740136907;
 0.2601910126892456, 0.96548754045713, -0.01159509110729812;
 0.05194734101479232, -0.002006052731470889, 0.9986478105488098]
第4幅图像的平移向量：
[1.104559091618763;
 2.61417293802889;
 -0.8257334176406128]

第5幅图像的旋转向量：
[172.2787496536708;
 -967.1585979493337;
 4900.797288074885]
第5幅图像的旋转矩阵：
[-0.9975149832047105, 0.001146525651768347, 0.07044532462155222;
 -0.02782266830236238, -0.9250120520518645, -0.3789176727038942;
 0.06472833545397837, -0.3799360328235907, 0.9227452809695799]
第5幅图像的平移向量：
[0.9094561242150967;
 2.724150230099713;
 -0.8583919248428963]

第6幅图像的旋转向量：
[251.1481674744658;
 -961.3614802912875;
 4892.376285010246]
第6幅图像的旋转矩阵：
[-0.9595999093863974, 0.2395093655099066, 0.1476593300088407;
 -0.277573912988704, -0.8917189523516669, -0.3574773179447683;
 0.04605145745529782, -0.3840215799273363, 0.9221749776568193]
第6幅图像的平移向量：
[0.708350948288611;
 2.820238237698238;
 -0.8845483937098599]

第7幅图像的旋转向量：
[332.0866211367541;
 -942.3221585958303;
 4875.001746792109]
第7幅图像的旋转矩阵：
[0.9987214221124867, -0.04964957986496767, -0.009510006984451858;
 0.04961712144373111, 0.9987617544008542, -0.003619282493231872;
 0.009677927115357105, 0.003142795787189094, 0.9999482289405737]
第7幅图像的平移向量：
[0.4914207722367384;
 2.909248722611141;
 -0.9084348256490621]

第8幅图像的旋转向量：
[406.6443082093024;
 -911.688680175946;
 4852.382404319714]
第8幅图像的旋转矩阵：
[-0.9455880734512589, -0.3078904446272637, 0.1051982388348897;
 0.2487117183926791, -0.8924471603511118, -0.3764047650009199;
 0.2097752999780893, -0.3297598218225848, 0.9204633525733873]
第8幅图像的平移向量：
[0.2670730662486733;
 2.974421830280078;
 -0.9257906223874335]

第9幅图像的旋转向量：
[471.6404060221377;
 -877.6556803335882;
 4825.7468113635]
第9幅图像的旋转矩阵：
[0.06621724622463976, -0.9937852919441104, -0.08947664398034169;
 0.9616524247989802, 0.08748070663608508, -0.2599456478664202;
 0.266157641597357, -0.06883254667677645, 0.9614687672188433]
第9幅图像的平移向量：
[0.03975012159654486;
 3.031768924597233;
 -0.9360824155791337]

第10幅图像的旋转向量：
[-862.9458633894445;
 -316.6153040935764;
 4507.201334412353]
第10幅图像的旋转矩阵：
[0.7823877897082204, -0.6169633398235658, -0.08500343422025185;
 0.6227880859975009, 0.7755185682983237, 0.1034695615342395;
 0.002084815352686092, -0.1338924476520975, 0.9909936760679532]
第10幅图像的平移向量：
[2.539302590034194;
 0.1631750519643394;
 -0.09998414135318824]

第11幅图像的旋转向量：
[-886.4879597403608;
 -444.6327237419148;
 4591.345388362141]
第11幅图像的旋转矩阵：
[-0.7847987462398066, 0.5468380840665228, -0.2916488260132073;
 -0.4807140059042838, -0.83413348224422, -0.2704355345116238;
 -0.3911585003906777, -0.07203779295332396, 0.9174996370345496]
第11幅图像的平移向量：
[2.526140820306705;
 0.3578160994390937;
 -0.1603525982897348]


